# these are fake student requests for testing
  1, 9, 101, 102, 103, 104, 111, 112, 113
  2, 9, 101, 102, 103, 104, 501, 502, 503
  3, 9, 101, 102, 103, 104, 504, 505, 506
  4, 9, 101, 102, 103, 104, 507, 111, 112
  5, 9, 101, 102, 103, 104, 113, 501, 502
  6, 9, 101, 102, 103, 104, 503, 504, 505
  7, 9, 101, 102, 103, 104, 506, 507, 111
  8, 9, 101, 102, 103, 104, 112, 113, 501
  9, 9, 101, 102, 103, 104, 502, 503, 504
 10, 9, 101, 102, 103, 104, 505, 506, 507
 11, 9, 101, 102, 103, 104, 111, 112, 113
 12, 9, 101, 102, 103, 104, 501, 502, 503
 13, 9, 101, 102, 103, 104, 504, 505, 506
 14, 9, 101, 102, 103, 104, 507, 111, 112
 15, 9, 101, 102, 103, 104, 113, 501, 502
 16, 9, 101, 102, 103, 104, 503, 504, 505
 17, 9, 101, 102, 103, 104, 506, 507, 111
 18, 9, 101, 102, 103, 104, 112, 113, 501
 19, 9, 101, 102, 103, 104, 502, 503, 504
 20, 9, 101, 102, 103, 104, 505, 506, 507
 21, 9, 101, 102, 103, 104, 111, 112, 113
 22, 9, 101, 102, 103, 104, 501, 502, 503
 23, 9, 101, 102, 103, 104, 504, 505, 506
 24, 9, 101, 102, 103, 104, 507, 111, 112
 25, 9, 101, 102, 103, 104, 113, 501, 502
 26, 9, 101, 102, 103, 104, 503, 504, 505
 27, 9, 101, 102, 103, 104, 506, 507, 111
 28, 9, 101, 102, 103, 104, 112, 113, 501
 29, 9, 101, 102, 103, 104, 502, 503, 504
 30, 9, 101, 102, 103, 104, 505, 506, 507
 31, 9, 101, 102, 103, 104, 111, 112, 113
 32, 9, 101, 102, 103, 104, 501, 502, 503
 33, 9, 101, 102, 103, 104, 504, 505, 506
 34, 9, 101, 102, 103, 104, 507, 111, 112
 35, 9, 101, 102, 103, 104, 113, 501, 502
 36, 9, 101, 102, 103, 104, 503, 504, 505
 37, 9, 101, 102, 103, 104, 506, 507, 111
 38, 9, 101, 102, 103, 104, 112, 113, 501
 39, 9, 101, 102, 103, 104, 502, 503, 504
 40, 9, 101, 102, 103, 104, 505, 506, 507
 41, 9, 101, 102, 103, 104, 111, 112, 113
 42, 9, 101, 102, 103, 104, 501, 502, 503
 43, 9, 101, 102, 103, 104, 504, 505, 506
 44, 9, 101, 102, 103, 104, 507, 111, 112
 45, 9, 101, 102, 103, 104, 113, 501, 502
 46, 9, 101, 102, 103, 104, 503, 504, 505
 47, 9, 101, 102, 103, 104, 506, 507, 111
 48, 9, 101, 102, 103, 104, 112, 113, 501
 49, 9, 101, 102, 103, 104, 502, 503, 504
 50, 9, 101, 102, 103, 104, 505, 506, 507
 51, 9, 101, 102, 103, 104, 111, 112, 113
 52, 9, 101, 102, 103, 104, 501, 502, 503
 53, 9, 101, 102, 103, 104, 504, 505, 506
 54, 9, 101, 102, 103, 104, 507, 111, 112
 55, 9, 101, 102, 103, 104, 113, 501, 502
 56, 9, 101, 102, 103, 104, 503, 504, 505
 57, 9, 101, 102, 103, 104, 506, 507, 111
 58, 9, 101, 102, 103, 104, 112, 113, 501
 59, 9, 101, 102, 103, 104, 502, 503, 504
 60, 9, 101, 102, 103, 104, 505, 506, 507
 61, 9, 101, 102, 103, 104, 111, 112, 113
 62, 9, 101, 102, 103, 104, 501, 502, 503
 63, 9, 101, 102, 103, 104, 504, 505, 506
 64, 9, 101, 102, 103, 104, 507, 111, 112
 65, 9, 101, 102, 103, 104, 113, 501, 502
 66, 9, 101, 102, 103, 104, 503, 504, 505
 67, 9, 101, 102, 103, 104, 506, 507, 111
 68, 9, 101, 102, 103, 104, 112, 113, 501
 69, 9, 101, 102, 103, 104, 502, 503, 504
 70, 9, 101, 102, 103, 104, 505, 506, 507
 71, 9, 101, 102, 103, 104, 111, 112, 113
 72, 9, 101, 102, 103, 104, 501, 502, 503
 73, 9, 101, 102, 103, 104, 504, 505, 506
 74, 9, 101, 102, 103, 104, 507, 111, 112
 75, 9, 101, 102, 103, 104, 113, 501, 502
 76, 9, 101, 102, 103, 104, 503, 504, 505
 77, 9, 101, 102, 103, 104, 506, 507, 111
 78, 9, 101, 102, 103, 104, 112, 113, 501
 79, 9, 101, 102, 103, 104, 502, 503, 504
 80, 9, 101, 102, 103, 104, 505, 506, 507
 81, 9, 101, 102, 103, 104, 111, 112, 113
 82, 9, 101, 102, 103, 104, 501, 502, 503
 83, 9, 101, 102, 103, 104, 504, 505, 506
 84, 9, 101, 102, 103, 104, 507, 111, 112
 85, 9, 101, 102, 103, 104, 113, 501, 502
 86, 9, 101, 102, 103, 104, 503, 504, 505
 87, 9, 101, 102, 103, 104, 506, 507, 111
 88, 9, 101, 102, 103, 104, 112, 113, 501
 89, 9, 101, 102, 103, 104, 502, 503, 504
 90, 9, 101, 102, 103, 104, 505, 506, 507
 91, 9, 101, 102, 103, 104, 111, 112, 113
 92, 9, 101, 102, 103, 104, 501, 502, 503
 93, 9, 101, 102, 103, 104, 504, 505, 506
 94, 9, 101, 102, 103, 104, 507, 111, 112
 95, 9, 101, 102, 103, 104, 113, 501, 502
 96, 9, 101, 102, 103, 104, 503, 504, 505
 97, 9, 101, 102, 103, 104, 506, 507, 111
 98, 9, 101, 102, 103, 104, 112, 113, 501
 99, 9, 101, 102, 103, 104, 502, 503, 504
100, 9, 101, 102, 103, 104, 505, 506, 507
101, 9, 101, 102, 103, 104, 111, 112, 113
102, 9, 101, 102, 103, 104, 501, 502, 503
103, 9, 101, 102, 103, 104, 504, 505, 506
104, 9, 101, 102, 103, 104, 507, 111, 112
105, 9, 101, 102, 103, 104, 113, 501, 502
106, 9, 101, 102, 103, 104, 503, 504, 505
107, 9, 101, 102, 103, 104, 506, 507, 111
108, 9, 101, 102, 103, 104, 112, 113, 501
109, 9, 101, 102, 103, 104, 502, 503, 504
110, 9, 101, 102, 103, 104, 505, 506, 507
111, 9, 101, 102, 103, 104, 111, 112, 113
112, 9, 101, 102, 103, 104, 501, 502, 503
113, 9, 101, 102, 103, 104, 504, 505, 506
114, 9, 101, 102, 103, 104, 507, 111, 112
115, 9, 101, 102, 103, 104, 113, 501, 502
116, 9, 101, 102, 103, 104, 503, 504, 505
117, 9, 101, 102, 103, 104, 506, 507, 111
118, 9, 101, 102, 103, 104, 112, 113, 501
119, 9, 101, 102, 103, 104, 502, 503, 504
120, 9, 101, 102, 103, 104, 505, 506, 507
121, 9, 101, 102, 103, 104, 111, 112, 113
122, 9, 101, 102, 103, 104, 501, 502, 503
123, 9, 101, 102, 103, 104, 504, 505, 506
124, 9, 101, 102, 103, 104, 507, 111, 112
125, 9, 101, 102, 103, 104, 113, 501, 502
126,10, 201, 202, 203, 204, 503, 504, 505
127,10, 201, 202, 203, 204, 506, 507, 211
128,10, 201, 202, 203, 204, 212, 213, 501
129,10, 201, 202, 203, 204, 502, 503, 504
130,10, 201, 202, 203, 204, 505, 506, 507
131,10, 201, 202, 203, 204, 211, 212, 213
132,10, 201, 202, 203, 204, 501, 502, 503
133,10, 201, 202, 203, 204, 504, 505, 506
134,10, 201, 202, 203, 204, 507, 211, 212
135,10, 201, 202, 203, 204, 213, 501, 502
136,10, 201, 202, 203, 204, 503, 504, 505
137,10, 201, 202, 203, 204, 506, 507, 211
138,10, 201, 202, 203, 204, 212, 213, 501
139,10, 201, 202, 203, 204, 502, 503, 504
140,10, 201, 202, 203, 204, 505, 506, 507
141,10, 201, 202, 203, 204, 211, 212, 213
142,10, 201, 202, 203, 204, 501, 502, 503
143,10, 201, 202, 203, 204, 504, 505, 506
144,10, 201, 202, 203, 204, 507, 211, 212
145,10, 201, 202, 203, 204, 213, 501, 502
146,10, 201, 202, 203, 204, 503, 504, 505
147,10, 201, 202, 203, 204, 506, 507, 211
148,10, 201, 202, 203, 204, 212, 213, 501
149,10, 201, 202, 203, 204, 502, 503, 504
150,10, 201, 202, 203, 204, 505, 506, 507
151,10, 201, 202, 203, 204, 211, 212, 213
152,10, 201, 202, 203, 204, 501, 502, 503
153,10, 201, 202, 203, 204, 504, 505, 506
154,10, 201, 202, 203, 204, 507, 211, 212
155,10, 201, 202, 203, 204, 213, 501, 502
156,10, 201, 202, 203, 204, 503, 504, 505
157,10, 201, 202, 203, 204, 506, 507, 211
158,10, 201, 202, 203, 204, 212, 213, 501
159,10, 201, 202, 203, 204, 502, 503, 504
160,10, 201, 202, 203, 204, 505, 506, 507
161,10, 201, 202, 203, 204, 211, 212, 213
162,10, 201, 202, 203, 204, 501, 502, 503
163,10, 201, 202, 203, 204, 504, 505, 506
164,10, 201, 202, 203, 204, 507, 211, 212
165,10, 201, 202, 203, 204, 213, 501, 502
166,10, 201, 202, 203, 204, 503, 504, 505
167,10, 201, 202, 203, 204, 506, 507, 211
168,10, 201, 202, 203, 204, 212, 213, 501
169,10, 201, 202, 203, 204, 502, 503, 504
170,10, 201, 202, 203, 204, 505, 506, 507
171,10, 201, 202, 203, 204, 211, 212, 213
172,10, 201, 202, 203, 204, 501, 502, 503
173,10, 201, 202, 203, 204, 504, 505, 506
174,10, 201, 202, 203, 204, 507, 211, 212
175,10, 201, 202, 203, 204, 213, 501, 502
176,10, 201, 202, 203, 204, 503, 504, 505
177,10, 201, 202, 203, 204, 506, 507, 211
178,10, 201, 202, 203, 204, 212, 213, 501
179,10, 201, 202, 203, 204, 502, 503, 504
180,10, 201, 202, 203, 204, 505, 506, 507
181,10, 201, 202, 203, 204, 211, 212, 213
182,10, 201, 202, 203, 204, 501, 502, 503
183,10, 201, 202, 203, 204, 504, 505, 506
184,10, 201, 202, 203, 204, 507, 211, 212
185,10, 201, 202, 203, 204, 213, 501, 502
186,10, 201, 202, 203, 204, 503, 504, 505
187,10, 201, 202, 203, 204, 506, 507, 211
188,10, 201, 202, 203, 204, 212, 213, 501
189,10, 201, 202, 203, 204, 502, 503, 504
190,10, 201, 202, 203, 204, 505, 506, 507
191,10, 201, 202, 203, 204, 211, 212, 213
192,10, 201, 202, 203, 204, 501, 502, 503
193,10, 201, 202, 203, 204, 504, 505, 506
194,10, 201, 202, 203, 204, 507, 211, 212
195,10, 201, 202, 203, 204, 213, 501, 502
196,10, 201, 202, 203, 204, 503, 504, 505
197,10, 201, 202, 203, 204, 506, 507, 211
198,10, 201, 202, 203, 204, 212, 213, 501
199,10, 201, 202, 203, 204, 502, 503, 504
200,10, 201, 202, 203, 204, 505, 506, 507
201,10, 201, 202, 203, 204, 211, 212, 213
202,10, 201, 202, 203, 204, 501, 502, 503
203,10, 201, 202, 203, 204, 504, 505, 506
204,10, 201, 202, 203, 204, 507, 211, 212
205,10, 201, 202, 203, 204, 213, 501, 502
206,10, 201, 202, 203, 204, 503, 504, 505
207,10, 201, 202, 203, 204, 506, 507, 211
208,10, 201, 202, 203, 204, 212, 213, 501
209,10, 201, 202, 203, 204, 502, 503, 504
210,10, 201, 202, 203, 204, 505, 506, 507
211,10, 201, 202, 203, 204, 211, 212, 213
212,10, 201, 202, 203, 204, 501, 502, 503
213,10, 201, 202, 203, 204, 504, 505, 506
214,10, 201, 202, 203, 204, 507, 211, 212
215,10, 201, 202, 203, 204, 213, 501, 502
216,10, 201, 202, 203, 204, 503, 504, 505
217,10, 201, 202, 203, 204, 506, 507, 211
218,10, 201, 202, 203, 204, 212, 213, 501
219,10, 201, 202, 203, 204, 502, 503, 504
220,10, 201, 202, 203, 204, 505, 506, 507
221,10, 201, 202, 203, 204, 211, 212, 213
222,10, 201, 202, 203, 204, 501, 502, 503
223,10, 201, 202, 203, 204, 504, 505, 506
224,10, 201, 202, 203, 204, 507, 211, 212
225,10, 201, 202, 203, 204, 213, 501, 502
226,10, 201, 202, 203, 204, 503, 504, 505
227,10, 201, 202, 203, 204, 506, 507, 211
228,10, 201, 202, 203, 204, 212, 213, 501
229,10, 201, 202, 203, 204, 502, 503, 504
230,10, 201, 202, 203, 204, 505, 506, 507
231,10, 201, 202, 203, 204, 211, 212, 213
232,10, 201, 202, 203, 204, 501, 502, 503
233,10, 201, 202, 203, 204, 504, 505, 506
234,10, 201, 202, 203, 204, 507, 211, 212
235,10, 201, 202, 203, 204, 213, 501, 502
236,10, 201, 202, 203, 204, 503, 504, 505
237,10, 201, 202, 203, 204, 506, 507, 211
238,10, 201, 202, 203, 204, 212, 213, 501
239,10, 201, 202, 203, 204, 502, 503, 504
240,10, 201, 202, 203, 204, 505, 506, 507
241,10, 201, 202, 203, 204, 211, 212, 213
242,10, 201, 202, 203, 204, 501, 502, 503
243,10, 201, 202, 203, 204, 504, 505, 506
244,10, 201, 202, 203, 204, 507, 211, 212
245,10, 201, 202, 203, 204, 213, 501, 502
246,10, 201, 202, 203, 204, 503, 504, 505
247,10, 201, 202, 203, 204, 506, 507, 211
248,10, 201, 202, 203, 204, 212, 213, 501
249,10, 201, 202, 203, 204, 502, 503, 504
250,10, 201, 202, 203, 204, 505, 506, 507
251,11, 301, 302, 303, 304, 311, 312, 313
252,11, 301, 302, 303, 304, 501, 502, 503
253,11, 301, 302, 303, 304, 504, 505, 506
254,11, 301, 302, 303, 304, 507, 311, 312
255,11, 301, 302, 303, 304, 313, 501, 502
256,11, 301, 302, 303, 304, 503, 504, 505
257,11, 301, 302, 303, 304, 506, 507, 311
258,11, 301, 302, 303, 304, 312, 313, 501
259,11, 301, 302, 303, 304, 502, 503, 504
260,11, 301, 302, 303, 304, 505, 506, 507
261,11, 301, 302, 303, 304, 311, 312, 313
262,11, 301, 302, 303, 304, 501, 502, 503
263,11, 301, 302, 303, 304, 504, 505, 506
264,11, 301, 302, 303, 304, 507, 311, 312
265,11, 301, 302, 303, 304, 313, 501, 502
266,11, 301, 302, 303, 304, 503, 504, 505
267,11, 301, 302, 303, 304, 506, 507, 311
268,11, 301, 302, 303, 304, 312, 313, 501
269,11, 301, 302, 303, 304, 502, 503, 504
270,11, 301, 302, 303, 304, 505, 506, 507
271,11, 301, 302, 303, 304, 311, 312, 313
272,11, 301, 302, 303, 304, 501, 502, 503
273,11, 301, 302, 303, 304, 504, 505, 506
274,11, 301, 302, 303, 304, 507, 311, 312
275,11, 301, 302, 303, 304, 313, 501, 502
276,11, 301, 302, 303, 304, 503, 504, 505
277,11, 301, 302, 303, 304, 506, 507, 311
278,11, 301, 302, 303, 304, 312, 313, 501
279,11, 301, 302, 303, 304, 502, 503, 504
280,11, 301, 302, 303, 304, 505, 506, 507
281,11, 301, 302, 303, 304, 311, 312, 313
282,11, 301, 302, 303, 304, 501, 502, 503
283,11, 301, 302, 303, 304, 504, 505, 506
284,11, 301, 302, 303, 304, 507, 311, 312
285,11, 301, 302, 303, 304, 313, 501, 502
286,11, 301, 302, 303, 304, 503, 504, 505
287,11, 301, 302, 303, 304, 506, 507, 311
288,11, 301, 302, 303, 304, 312, 313, 501
289,11, 301, 302, 303, 304, 502, 503, 504
290,11, 301, 302, 303, 304, 505, 506, 507
291,11, 301, 302, 303, 304, 311, 312, 313
292,11, 301, 302, 303, 304, 501, 502, 503
293,11, 301, 302, 303, 304, 504, 505, 506
294,11, 301, 302, 303, 304, 507, 311, 312
295,11, 301, 302, 303, 304, 313, 501, 502
296,11, 301, 302, 303, 304, 503, 504, 505
297,11, 301, 302, 303, 304, 506, 507, 311
298,11, 301, 302, 303, 304, 312, 313, 501
299,11, 301, 302, 303, 304, 502, 503, 504
300,11, 301, 302, 303, 304, 505, 506, 507
301,11, 301, 302, 303, 304, 311, 312, 313
302,11, 301, 302, 303, 304, 501, 502, 503
303,11, 301, 302, 303, 304, 504, 505, 506
304,11, 301, 302, 303, 304, 507, 311, 312
305,11, 301, 302, 303, 304, 313, 501, 502
306,11, 301, 302, 303, 304, 503, 504, 505
307,11, 301, 302, 303, 304, 506, 507, 311
308,11, 301, 302, 303, 304, 312, 313, 501
309,11, 301, 302, 303, 304, 502, 503, 504
310,11, 301, 302, 303, 304, 505, 506, 507
311,11, 301, 302, 303, 304, 311, 312, 313
312,11, 301, 302, 303, 304, 501, 502, 503
313,11, 301, 302, 303, 304, 504, 505, 506
314,11, 301, 302, 303, 304, 507, 311, 312
315,11, 301, 302, 303, 304, 313, 501, 502
316,11, 301, 302, 303, 304, 503, 504, 505
317,11, 301, 302, 303, 304, 506, 507, 311
318,11, 301, 302, 303, 304, 312, 313, 501
319,11, 301, 302, 303, 304, 502, 503, 504
320,11, 301, 302, 303, 304, 505, 506, 507
321,11, 301, 302, 303, 304, 311, 312, 313
322,11, 301, 302, 303, 304, 501, 502, 503
323,11, 301, 302, 303, 304, 504, 505, 506
324,11, 301, 302, 303, 304, 507, 311, 312
325,11, 301, 302, 303, 304, 313, 501, 502
326,11, 301, 302, 303, 304, 503, 504, 505
327,11, 301, 302, 303, 304, 506, 507, 311
328,11, 301, 302, 303, 304, 312, 313, 501
329,11, 301, 302, 303, 304, 502, 503, 504
330,11, 301, 302, 303, 304, 505, 506, 507
331,11, 301, 302, 303, 304, 311, 312, 313
332,11, 301, 302, 303, 304, 501, 502, 503
333,11, 301, 302, 303, 304, 504, 505, 506
334,11, 301, 302, 303, 304, 507, 311, 312
335,11, 301, 302, 303, 304, 313, 501, 502
336,11, 301, 302, 303, 304, 503, 504, 505
337,11, 301, 302, 303, 304, 506, 507, 311
338,11, 301, 302, 303, 304, 312, 313, 501
339,11, 301, 302, 303, 304, 502, 503, 504
340,11, 301, 302, 303, 304, 505, 506, 507
341,11, 301, 302, 303, 304, 311, 312, 313
342,11, 301, 302, 303, 304, 501, 502, 503
343,11, 301, 302, 303, 304, 504, 505, 506
344,11, 301, 302, 303, 304, 507, 311, 312
345,11, 301, 302, 303, 304, 313, 501, 502
346,11, 301, 302, 303, 304, 503, 504, 505
347,11, 301, 302, 303, 304, 506, 507, 311
348,11, 301, 302, 303, 304, 312, 313, 501
349,11, 301, 302, 303, 304, 502, 503, 504
350,11, 301, 302, 303, 304, 505, 506, 507
351,11, 301, 302, 303, 304, 311, 312, 313
352,11, 301, 302, 303, 304, 501, 502, 503
353,11, 301, 302, 303, 304, 504, 505, 506
354,11, 301, 302, 303, 304, 507, 311, 312
355,11, 301, 302, 303, 304, 313, 501, 502
356,11, 301, 302, 303, 304, 503, 504, 505
357,11, 301, 302, 303, 304, 506, 507, 311
358,11, 301, 302, 303, 304, 312, 313, 501
359,11, 301, 302, 303, 304, 502, 503, 504
360,11, 301, 302, 303, 304, 505, 506, 507
361,11, 301, 302, 303, 304, 311, 312, 313
362,11, 301, 302, 303, 304, 501, 502, 503
363,11, 301, 302, 303, 304, 504, 505, 506
364,11, 301, 302, 303, 304, 507, 311, 312
365,11, 301, 302, 303, 304, 313, 501, 502
366,11, 301, 302, 303, 304, 503, 504, 505
367,11, 301, 302, 303, 304, 506, 507, 311
368,11, 301, 302, 303, 304, 312, 313, 501
369,11, 301, 302, 303, 304, 502, 503, 504
370,11, 301, 302, 303, 304, 505, 506, 507
371,11, 301, 302, 303, 304, 311, 312, 313
372,11, 301, 302, 303, 304, 501, 502, 503
373,11, 301, 302, 303, 304, 504, 505, 506
374,11, 301, 302, 303, 304, 507, 311, 312
375,11, 301, 302, 303, 304, 313, 501, 502
376,12, 401, 402, 403, 404, 503, 504, 505
377,12, 401, 402, 403, 404, 506, 507, 411
378,12, 401, 402, 403, 404, 412, 413, 501
379,12, 401, 402, 403, 404, 502, 503, 504
380,12, 401, 402, 403, 404, 505, 506, 507
381,12, 401, 402, 403, 404, 411, 412, 413
382,12, 401, 402, 403, 404, 501, 502, 503
383,12, 401, 402, 403, 404, 504, 505, 506
384,12, 401, 402, 403, 404, 507, 411, 412
385,12, 401, 402, 403, 404, 413, 501, 502
386,12, 401, 402, 403, 404, 503, 504, 505
387,12, 401, 402, 403, 404, 506, 507, 411
388,12, 401, 402, 403, 404, 412, 413, 501
389,12, 401, 402, 403, 404, 502, 503, 504
390,12, 401, 402, 403, 404, 505, 506, 507
391,12, 401, 402, 403, 404, 411, 412, 413
392,12, 401, 402, 403, 404, 501, 502, 503
393,12, 401, 402, 403, 404, 504, 505, 506
394,12, 401, 402, 403, 404, 507, 411, 412
395,12, 401, 402, 403, 404, 413, 501, 502
396,12, 401, 402, 403, 404, 503, 504, 505
397,12, 401, 402, 403, 404, 506, 507, 411
398,12, 401, 402, 403, 404, 412, 413, 501
399,12, 401, 402, 403, 404, 502, 503, 504
400,12, 401, 402, 403, 404, 505, 506, 507
401,12, 401, 402, 403, 404, 411, 412, 413
402,12, 401, 402, 403, 404, 501, 502, 503
403,12, 401, 402, 403, 404, 504, 505, 506
404,12, 401, 402, 403, 404, 507, 411, 412
405,12, 401, 402, 403, 404, 413, 501, 502
406,12, 401, 402, 403, 404, 503, 504, 505
407,12, 401, 402, 403, 404, 506, 507, 411
408,12, 401, 402, 403, 404, 412, 413, 501
409,12, 401, 402, 403, 404, 502, 503, 504
410,12, 401, 402, 403, 404, 505, 506, 507
411,12, 401, 402, 403, 404, 411, 412, 413
412,12, 401, 402, 403, 404, 501, 502, 503
413,12, 401, 402, 403, 404, 504, 505, 506
414,12, 401, 402, 403, 404, 507, 411, 412
415,12, 401, 402, 403, 404, 413, 501, 502
416,12, 401, 402, 403, 404, 503, 504, 505
417,12, 401, 402, 403, 404, 506, 507, 411
418,12, 401, 402, 403, 404, 412, 413, 501
419,12, 401, 402, 403, 404, 502, 503, 504
420,12, 401, 402, 403, 404, 505, 506, 507
421,12, 401, 402, 403, 404, 411, 412, 413
422,12, 401, 402, 403, 404, 501, 502, 503
423,12, 401, 402, 403, 404, 504, 505, 506
424,12, 401, 402, 403, 404, 507, 411, 412
425,12, 401, 402, 403, 404, 413, 501, 502
426,12, 401, 402, 403, 404, 503, 504, 505
427,12, 401, 402, 403, 404, 506, 507, 411
428,12, 401, 402, 403, 404, 412, 413, 501
429,12, 401, 402, 403, 404, 502, 503, 504
430,12, 401, 402, 403, 404, 505, 506, 507
431,12, 401, 402, 403, 404, 411, 412, 413
432,12, 401, 402, 403, 404, 501, 502, 503
433,12, 401, 402, 403, 404, 504, 505, 506
434,12, 401, 402, 403, 404, 507, 411, 412
435,12, 401, 402, 403, 404, 413, 501, 502
436,12, 401, 402, 403, 404, 503, 504, 505
437,12, 401, 402, 403, 404, 506, 507, 411
438,12, 401, 402, 403, 404, 412, 413, 501
439,12, 401, 402, 403, 404, 502, 503, 504
440,12, 401, 402, 403, 404, 505, 506, 507
441,12, 401, 402, 403, 404, 411, 412, 413
442,12, 401, 402, 403, 404, 501, 502, 503
443,12, 401, 402, 403, 404, 504, 505, 506
444,12, 401, 402, 403, 404, 507, 411, 412
445,12, 401, 402, 403, 404, 413, 501, 502
446,12, 401, 402, 403, 404, 503, 504, 505
447,12, 401, 402, 403, 404, 506, 507, 411
448,12, 401, 402, 403, 404, 412, 413, 501
449,12, 401, 402, 403, 404, 502, 503, 504
450,12, 401, 402, 403, 404, 505, 506, 507
451,12, 401, 402, 403, 404, 411, 412, 413
452,12, 401, 402, 403, 404, 501, 502, 503
453,12, 401, 402, 403, 404, 504, 505, 506
454,12, 401, 402, 403, 404, 507, 411, 412
455,12, 401, 402, 403, 404, 413, 501, 502
456,12, 401, 402, 403, 404, 503, 504, 505
457,12, 401, 402, 403, 404, 506, 507, 411
458,12, 401, 402, 403, 404, 412, 413, 501
459,12, 401, 402, 403, 404, 502, 503, 504
460,12, 401, 402, 403, 404, 505, 506, 507
461,12, 401, 402, 403, 404, 411, 412, 413
462,12, 401, 402, 403, 404, 501, 502, 503
463,12, 401, 402, 403, 404, 504, 505, 506
464,12, 401, 402, 403, 404, 507, 411, 412
465,12, 401, 402, 403, 404, 413, 501, 502
466,12, 401, 402, 403, 404, 503, 504, 505
467,12, 401, 402, 403, 404, 506, 507, 411
468,12, 401, 402, 403, 404, 412, 413, 501
469,12, 401, 402, 403, 404, 502, 503, 504
470,12, 401, 402, 403, 404, 505, 506, 507
471,12, 401, 402, 403, 404, 411, 412, 413
472,12, 401, 402, 403, 404, 501, 502, 503
473,12, 401, 402, 403, 404, 504, 505, 506
474,12, 401, 402, 403, 404, 507, 411, 412
475,12, 401, 402, 403, 404, 413, 501, 502
476,12, 401, 402, 403, 404, 503, 504, 505
477,12, 401, 402, 403, 404, 506, 507, 411
478,12, 401, 402, 403, 404, 412, 413, 501
479,12, 401, 402, 403, 404, 502, 503, 504
480,12, 401, 402, 403, 404, 505, 506, 507
481,12, 401, 402, 403, 404, 411, 412, 413
482,12, 401, 402, 403, 404, 501, 502, 503
483,12, 401, 402, 403, 404, 504, 505, 506
484,12, 401, 402, 403, 404, 507, 411, 412
485,12, 401, 402, 403, 404, 413, 501, 502
486,12, 401, 402, 403, 404, 503, 504, 505
487,12, 401, 402, 403, 404, 506, 507, 411
488,12, 401, 402, 403, 404, 412, 413, 501
489,12, 401, 402, 403, 404, 502, 503, 504
490,12, 401, 402, 403, 404, 505, 506, 507
491,12, 401, 402, 403, 404, 411, 412, 413
492,12, 401, 402, 403, 404, 501, 502, 503
493,12, 401, 402, 403, 404, 504, 505, 506
494,12, 401, 402, 403, 404, 507, 411, 412
495,12, 401, 402, 403, 404, 413, 501, 502
496,12, 401, 402, 403, 404, 503, 504, 505
497,12, 401, 402, 403, 404, 506, 507, 411
498,12, 401, 402, 403, 404, 412, 413, 501
499,12, 401, 402, 403, 404, 502, 503, 504
500,12, 401, 402, 403, 404, 505, 506, 507
